#[0, 0, 0, 0, 1, 0, 0, 0, 0, 2]
0.134337210309 50
#[0, 0, 0, 0, 1, 0, 0, 0, 0, 3]
0.141356271922 67
#[0, 0, 0, 0, 1, 0, 0, 0, 1, 2]
0.146554847502 59
#[0, 0, 0, 0, 1, 0, 0, 0, 1, 3]
0.152315761671 76
#[0, 0, 0, 0, 1, 0, 0, 0, 2, 2]
0.159759105262 68
#[0, 0, 0, 0, 1, 0, 0, 0, 2, 3]
0.164124811735 85
#[0, 0, 0, 0, 1, 0, 0, 0, 3, 2]
0.173749738369 77
#[0, 0, 0, 0, 1, 0, 0, 0, 3, 3]
0.176662862224 94
#[0, 0, 0, 0, 1, 0, 0, 0, 4, 1]
0.183783166373 69
#[0, 0, 0, 0, 1, 0, 0, 0, 4, 2]
0.188276950013 86
#[0, 0, 0, 0, 1, 0, 0, 0, 4, 3]
0.189824114748 103
#[0, 0, 0, 0, 1, 0, 0, 0, 5, 1]
0.201525549003 78
#[0, 0, 0, 0, 1, 0, 0, 0, 5, 2]
0.20295564508 95
#[0, 0, 0, 0, 1, 0, 0, 0, 5, 3]
0.203436864895 112
#[0, 0, 0, 0, 1, 0, 0, 1, 0, 1]
0.143316856752 49
#[0, 0, 0, 0, 1, 0, 0, 1, 0, 2]
0.149413604112 66
#[0, 0, 0, 0, 1, 0, 0, 1, 0, 3]
0.151562781369 83
#[0, 0, 0, 0, 1, 0, 0, 1, 1, 1]
0.157302343183 58
#[0, 0, 0, 0, 1, 0, 0, 1, 1, 2]
0.161750549557 75
#[0, 0, 0, 0, 1, 0, 0, 1, 1, 3]
0.163289722185 92
#[0, 0, 0, 0, 1, 0, 0, 1, 2, 1]
0.172016003904 67
#[0, 0, 0, 0, 1, 0, 0, 1, 2, 2]
0.174769032343 84
#[0, 0, 0, 0, 1, 0, 0, 1, 2, 3]
0.175706396104 101
#[0, 0, 0, 0, 1, 0, 0, 1, 3, 1]
0.186931232236 76
#[0, 0, 0, 0, 1, 0, 0, 1, 3, 2]
0.188161063686 93
#[0, 0, 0, 0, 1, 0, 0, 1, 3, 3]
0.188574611466 110
#[0, 0, 0, 0, 1, 0, 0, 1, 4, 0]
0.200384891424 68
#[0, 0, 0, 0, 1, 0, 0, 1, 4, 1]
0.201384348683 85
#[0, 0, 0, 0, 1, 0, 0, 1, 4, 2]
0.201587128367 102
#[0, 0, 0, 0, 1, 0, 0, 1, 4, 3]
0.201654812373 119
#[0, 0, 0, 0, 1, 0, 0, 1, 5, 0]
0.213820929508 77
#[0, 0, 0, 0, 1, 0, 0, 1, 5, 1]
0.213820929508 94
#[0, 0, 0, 0, 1, 0, 0, 1, 5, 2]
0.213820929508 111
#[0, 0, 0, 0, 1, 0, 0, 1, 5, 3]
0.213820929508 128
#[0, 0, 0, 0, 1, 0, 0, 2, 0, 0]
0.155733437907 48
#[0, 0, 0, 0, 1, 0, 0, 2, 0, 1]
0.156052113588 65
#[0, 0, 0, 0, 1, 0, 0, 2, 0, 2]
0.163307954933 82
#[0, 0, 0, 0, 1, 0, 0, 2, 0, 3]
0.165878871244 99
#[0, 0, 0, 0, 1, 0, 0, 2, 1, 0]
0.171784034888 57
#[0, 0, 0, 0, 1, 0, 0, 2, 1, 1]
0.169367974835 74
#[0, 0, 0, 0, 1, 0, 0, 2, 1, 2]
0.174535946837 91
#[0, 0, 0, 0, 1, 0, 0, 2, 1, 3]
0.176329409567 108
#[0, 0, 0, 0, 1, 0, 0, 2, 2, 0]
0.187341450141 66
#[0, 0, 0, 0, 1, 0, 0, 2, 2, 1]
0.183024070039 83
#[0, 0, 0, 0, 1, 0, 0, 2, 2, 2]
0.186143925242 100
#[0, 0, 0, 0, 1, 0, 0, 2, 2, 3]
0.187207648273 117
#[0, 0, 0, 0, 1, 0, 0, 2, 3, 0]
0.201032849898 75
#[0, 0, 0, 0, 1, 0, 0, 2, 3, 1]
0.196470579652 92
#[0, 0, 0, 0, 1, 0, 0, 2, 3, 2]
0.197829589939 109
#[0, 0, 0, 0, 1, 0, 0, 2, 3, 3]
0.198286780994 126
#[0, 0, 0, 0, 1, 0, 0, 2, 4, 0]
0.21138717619 84
#[0, 0, 0, 0, 1, 0, 0, 2, 4, 1]
0.209096579161 101
#[0, 0, 0, 0, 1, 0, 0, 2, 4, 2]
0.209315196001 118
#[0, 0, 0, 0, 1, 0, 0, 2, 4, 3]
0.209388169904 135
#[0, 0, 0, 0, 1, 0, 0, 2, 5, 0]
0.217066620881 93
#[0, 0, 0, 0, 1, 0, 0, 2, 5, 1]
0.217066620881 110
#[0, 0, 0, 0, 1, 0, 0, 2, 5, 2]
0.217066620881 127
#[0, 0, 0, 0, 1, 0, 0, 2, 5, 3]
0.217066620881 144
#[0, 0, 0, 0, 1, 0, 0, 3, 0, 0]
0.175995364755 64
#[0, 0, 0, 0, 1, 0, 0, 3, 0, 1]
0.160815514361 81
#[0, 0, 0, 0, 1, 0, 0, 3, 0, 2]
0.168532028844 98
#[0, 0, 0, 0, 1, 0, 0, 3, 0, 3]
0.171271438115 115
#[0, 0, 0, 0, 1, 0, 0, 3, 1, 0]
0.188497426555 73
#[0, 0, 0, 0, 1, 0, 0, 3, 1, 1]
0.173811967062 90
#[0, 0, 0, 0, 1, 0, 0, 3, 1, 2]
0.17925905968 107
#[0, 0, 0, 0, 1, 0, 0, 3, 1, 3]
0.181151427663 124
#[0, 0, 0, 0, 1, 0, 0, 3, 2, 0]
0.199806320551 82
#[0, 0, 0, 0, 1, 0, 0, 3, 2, 1]
0.187013340759 99
#[0, 0, 0, 0, 1, 0, 0, 3, 2, 2]
0.190271892245 116
#[0, 0, 0, 0, 1, 0, 0, 3, 2, 3]
0.191383457956 133
#[0, 0, 0, 0, 1, 0, 0, 3, 3, 0]
0.209008202312 91
#[0, 0, 0, 0, 1, 0, 0, 3, 3, 1]
0.199870464149 108
#[0, 0, 0, 0, 1, 0, 0, 3, 3, 2]
0.20127708458 125
#[0, 0, 0, 0, 1, 0, 0, 3, 3, 3]
0.201750368099 142
#[0, 0, 0, 0, 1, 0, 0, 3, 4, 0]
0.215328093739 100
#[0, 0, 0, 0, 1, 0, 0, 3, 4, 1]
0.211800285829 117
#[0, 0, 0, 0, 1, 0, 0, 3, 4, 2]
0.212024595869 134
#[0, 0, 0, 0, 1, 0, 0, 3, 4, 3]
0.212099471502 151
#[0, 0, 0, 0, 1, 0, 0, 3, 5, 0]
0.218170526217 109
#[0, 0, 0, 0, 1, 0, 0, 3, 5, 1]
0.218170526217 126
#[0, 0, 0, 0, 1, 0, 0, 3, 5, 2]
0.218170526217 143
#[0, 0, 0, 0, 1, 0, 0, 3, 5, 3]
0.218170526217 160
#[0, 0, 0, 0, 1, 0, 1, 0, 0, 2]
0.152866606499 60
#[0, 0, 0, 0, 1, 0, 1, 0, 0, 3]
0.157558576281 77
#[0, 0, 0, 0, 1, 0, 1, 0, 1, 2]
0.166085884707 69
#[0, 0, 0, 0, 1, 0, 1, 0, 1, 3]
0.169364325718 86
#[0, 0, 0, 0, 1, 0, 1, 0, 2, 1]
0.174466886673 61
#[0, 0, 0, 0, 1, 0, 1, 0, 2, 2]
0.179955753824 78
#[0, 0, 0, 0, 1, 0, 1, 0, 2, 3]
0.181862938097 95
#[0, 0, 0, 0, 1, 0, 1, 0, 3, 1]
0.191837620628 70
#[0, 0, 0, 0, 1, 0, 1, 0, 3, 2]
0.194069175202 87
#[0, 0, 0, 0, 1, 0, 1, 0, 3, 3]
0.194824608791 104
#[0, 0, 0, 0, 1, 0, 1, 0, 4, 1]
0.207743981002 79
#[0, 0, 0, 0, 1, 0, 1, 0, 4, 2]
0.207959777166 96
#[0, 0, 0, 0, 1, 0, 1, 0, 4, 3]
0.208031808881 113
#[0, 0, 0, 0, 1, 0, 1, 0, 5, 0]
0.215724990651 71
#[0, 0, 0, 0, 1, 0, 1, 0, 5, 1]
0.215724990651 88
#[0, 0, 0, 0, 1, 0, 1, 0, 5, 2]
0.215724990651 105
#[0, 0, 0, 0, 1, 0, 1, 0, 5, 3]
0.215724990651 122
#[0, 0, 0, 0, 1, 0, 1, 1, 0, 1]
0.164276053199 59
#[0, 0, 0, 0, 1, 0, 1, 1, 0, 2]
0.167857211671 76
#[0, 0, 0, 0, 1, 0, 1, 1, 0, 3]
0.169085882004 93
#[0, 0, 0, 0, 1, 0, 1, 1, 1, 1]
0.178566558158 68
#[0, 0, 0, 0, 1, 0, 1, 1, 1, 2]
0.180498485832 85
#[0, 0, 0, 0, 1, 0, 1, 1, 1, 3]
0.181151784991 102
#[0, 0, 0, 0, 1, 0, 1, 1, 2, 0]
0.190387883506 60
#[0, 0, 0, 0, 1, 0, 1, 1, 2, 1]
0.192693781678 77
#[0, 0, 0, 0, 1, 0, 1, 1, 2, 2]
0.193314001559 94
#[0, 0, 0, 0, 1, 0, 1, 1, 2, 3]
0.193521629712 111
#[0, 0, 0, 0, 1, 0, 1, 1, 3, 0]
0.205806651001 69
#[0, 0, 0, 0, 1, 0, 1, 1, 3, 1]
0.205806651001 86
#[0, 0, 0, 0, 1, 0, 1, 1, 3, 2]
0.205806651001 103
#[0, 0, 0, 0, 1, 0, 1, 1, 3, 3]
0.205806651001 120
#[0, 0, 0, 0, 1, 0, 1, 1, 4, 0]
0.214475253005 78
#[0, 0, 0, 0, 1, 0, 1, 1, 4, 1]
0.214475253005 95
#[0, 0, 0, 0, 1, 0, 1, 1, 4, 2]
0.214475253005 112
#[0, 0, 0, 0, 1, 0, 1, 1, 4, 3]
0.214475253005 129
#[0, 0, 0, 0, 1, 0, 1, 1, 5, 0]
0.215243892504 87
#[0, 0, 0, 0, 1, 0, 1, 1, 5, 1]
0.215243892504 104
#[0, 0, 0, 0, 1, 0, 1, 1, 5, 2]
0.215243892504 121
#[0, 0, 0, 0, 1, 0, 1, 1, 5, 3]
0.215243892504 138
#[0, 0, 0, 0, 1, 0, 1, 2, 0, 0]
0.179000842236 58
#[0, 0, 0, 0, 1, 0, 1, 2, 0, 1]
0.174286952752 75
#[0, 0, 0, 0, 1, 0, 1, 2, 0, 2]
0.178323240305 92
#[0, 0, 0, 0, 1, 0, 1, 2, 0, 3]
0.179710537507 109
#[0, 0, 0, 0, 1, 0, 1, 2, 1, 0]
0.19281196017 67
#[0, 0, 0, 0, 1, 0, 1, 2, 1, 1]
0.187251453635 84
#[0, 0, 0, 0, 1, 0, 1, 2, 1, 2]
0.189376995151 101
#[0, 0, 0, 0, 1, 0, 1, 2, 1, 3]
0.190096273093 118
#[0, 0, 0, 0, 1, 0, 1, 2, 2, 0]
0.203965716017 76
#[0, 0, 0, 0, 1, 0, 1, 2, 2, 1]
0.199743095304 93
#[0, 0, 0, 0, 1, 0, 1, 2, 2, 2]
0.200409602703 110
#[0, 0, 0, 0, 1, 0, 1, 2, 2, 3]
0.200632761389 127
#[0, 0, 0, 0, 1, 0, 1, 2, 3, 0]
0.211012785019 85
#[0, 0, 0, 0, 1, 0, 1, 2, 3, 1]
0.211012785019 102
#[0, 0, 0, 0, 1, 0, 1, 2, 3, 2]
0.211012785019 119
#[0, 0, 0, 0, 1, 0, 1, 2, 3, 3]
0.211012785019 136
#[0, 0, 0, 0, 1, 0, 1, 2, 4, 0]
0.216797818791 94
#[0, 0, 0, 0, 1, 0, 1, 2, 4, 1]
0.216797818791 111
#[0, 0, 0, 0, 1, 0, 1, 2, 4, 2]
0.216797818791 128
#[0, 0, 0, 0, 1, 0, 1, 2, 4, 3]
0.216797818791 145
#[0, 0, 0, 0, 1, 0, 1, 2, 5, 0]
0.217583226197 103
#[0, 0, 0, 0, 1, 0, 1, 2, 5, 1]
0.217583226197 120
#[0, 0, 0, 0, 1, 0, 1, 2, 5, 2]
0.217583226197 137
#[0, 0, 0, 0, 1, 0, 1, 2, 5, 3]
0.217583226197 154
#[0, 0, 0, 0, 1, 0, 1, 3, 0, 0]
0.192420350608 74
#[0, 0, 0, 0, 1, 0, 1, 3, 0, 1]
0.177900678528 91
#[0, 0, 0, 0, 1, 0, 1, 3, 0, 2]
0.182108101225 108
#[0, 0, 0, 0, 1, 0, 1, 3, 0, 3]
0.183555152319 125
#[0, 0, 0, 0, 1, 0, 1, 3, 1, 0]
0.201885610592 83
#[0, 0, 0, 0, 1, 0, 1, 3, 1, 1]
0.190337248128 100
#[0, 0, 0, 0, 1, 0, 1, 3, 1, 2]
0.192533833141 117
#[0, 0, 0, 0, 1, 0, 1, 3, 1, 3]
0.193277338171 134
#[0, 0, 0, 0, 1, 0, 1, 3, 2, 0]
0.20893250721 92
#[0, 0, 0, 0, 1, 0, 1, 3, 2, 1]
0.202208896951 109
#[0, 0, 0, 0, 1, 0, 1, 3, 2, 2]
0.20289198995 126
#[0, 0, 0, 0, 1, 0, 1, 3, 2, 3]
0.203120714369 143
#[0, 0, 0, 0, 1, 0, 1, 3, 3, 0]
0.212807192143 101
#[0, 0, 0, 0, 1, 0, 1, 3, 3, 1]
0.212807192143 118
#[0, 0, 0, 0, 1, 0, 1, 3, 3, 2]
0.212807192143 135
#[0, 0, 0, 0, 1, 0, 1, 3, 3, 3]
0.212807192143 152
#[0, 0, 0, 0, 1, 0, 1, 3, 4, 0]
0.217583226197 110
#[0, 0, 0, 0, 1, 0, 1, 3, 4, 1]
0.217583226197 127
#[0, 0, 0, 0, 1, 0, 1, 3, 4, 2]
0.217583226197 144
#[0, 0, 0, 0, 1, 0, 1, 3, 4, 3]
0.217583226197 161
#[0, 0, 0, 0, 1, 0, 1, 3, 5, 0]
0.218374344987 119
#[0, 0, 0, 0, 1, 0, 1, 3, 5, 1]
0.218374344987 136
#[0, 0, 0, 0, 1, 0, 1, 3, 5, 2]
0.218374344987 153
#[0, 0, 0, 0, 1, 0, 1, 3, 5, 3]
0.218374344987 170
#[0, 0, 0, 0, 1, 0, 2, 0, 0, 1]
0.16654068946 53
#[0, 0, 0, 0, 1, 0, 2, 0, 0, 2]
0.173067319664 70
#[0, 0, 0, 0, 1, 0, 2, 0, 0, 3]
0.175358045371 87
#[0, 0, 0, 0, 1, 0, 2, 0, 1, 1]
0.181873024458 62
#[0, 0, 0, 0, 1, 0, 2, 0, 1, 2]
0.185582076495 79
#[0, 0, 0, 0, 1, 0, 2, 0, 1, 3]
0.186852275517 96
#[0, 0, 0, 0, 1, 0, 2, 0, 2, 1]
0.195445829654 71
#[0, 0, 0, 0, 1, 0, 2, 0, 2, 2]
0.197243047889 88
#[0, 0, 0, 0, 1, 0, 2, 0, 2, 3]
0.197849488232 105
#[0, 0, 0, 0, 1, 0, 2, 0, 3, 1]
0.206651886954 80
#[0, 0, 0, 0, 1, 0, 2, 0, 3, 2]
0.207365380915 97
#[0, 0, 0, 0, 1, 0, 2, 0, 3, 3]
0.207604308357 114
#[0, 0, 0, 0, 1, 0, 2, 0, 4, 0]
0.218425903365 72
#[0, 0, 0, 0, 1, 0, 2, 0, 4, 1]
0.218425903365 89
#[0, 0, 0, 0, 1, 0, 2, 0, 4, 2]
0.218425903365 106
#[0, 0, 0, 0, 1, 0, 2, 0, 4, 3]
0.218425903365 123
#[0, 0, 0, 0, 1, 0, 2, 0, 5, 0]
0.220476467564 81
#[0, 0, 0, 0, 1, 0, 2, 0, 5, 1]
0.220476467564 98
#[0, 0, 0, 0, 1, 0, 2, 0, 5, 2]
0.220476467564 115
#[0, 0, 0, 0, 1, 0, 2, 0, 5, 3]
0.220476467564 132
#[0, 0, 0, 0, 1, 0, 2, 1, 0, 0]
0.181487084087 52
#[0, 0, 0, 0, 1, 0, 2, 1, 0, 1]
0.181798743225 69
#[0, 0, 0, 0, 1, 0, 2, 1, 0, 2]
0.183352743144 86
#[0, 0, 0, 0, 1, 0, 2, 1, 0, 3]
0.183876663745 103
#[0, 0, 0, 0, 1, 0, 2, 1, 1, 0]
0.194219562253 61
#[0, 0, 0, 0, 1, 0, 2, 1, 1, 1]
0.193084658801 78
#[0, 0, 0, 0, 1, 0, 2, 1, 1, 2]
0.193707401517 95
#[0, 0, 0, 0, 1, 0, 2, 1, 1, 3]
0.193915876045 112
#[0, 0, 0, 0, 1, 0, 2, 1, 2, 0]
0.205373601452 70
#[0, 0, 0, 0, 1, 0, 2, 1, 2, 1]
0.204030241831 87
#[0, 0, 0, 0, 1, 0, 2, 1, 2, 2]
0.204238387723 104
#[0, 0, 0, 0, 1, 0, 2, 1, 2, 3]
0.204307864095 121
#[0, 0, 0, 0, 1, 0, 2, 1, 3, 0]
0.21392876984 79
#[0, 0, 0, 0, 1, 0, 2, 1, 3, 1]
0.21392876984 96
#[0, 0, 0, 0, 1, 0, 2, 1, 3, 2]
0.21392876984 113
#[0, 0, 0, 0, 1, 0, 2, 1, 3, 3]
0.21392876984 130
#[0, 0, 0, 0, 1, 0, 2, 1, 4, 0]
0.218110000285 88
#[0, 0, 0, 0, 1, 0, 2, 1, 4, 1]
0.218110000285 105
#[0, 0, 0, 0, 1, 0, 2, 1, 4, 2]
0.218110000285 122
#[0, 0, 0, 0, 1, 0, 2, 1, 4, 3]
0.218110000285 139
#[0, 0, 0, 0, 1, 0, 2, 1, 5, 0]
0.218904961343 97
#[0, 0, 0, 0, 1, 0, 2, 1, 5, 1]
0.218904961343 114
#[0, 0, 0, 0, 1, 0, 2, 1, 5, 2]
0.218904961343 131
#[0, 0, 0, 0, 1, 0, 2, 1, 5, 3]
0.218904961343 148
#[0, 0, 0, 0, 1, 0, 2, 2, 0, 0]
0.19773969584 68
#[0, 0, 0, 0, 1, 0, 2, 2, 0, 1]
0.190808822205 85
#[0, 0, 0, 0, 1, 0, 2, 2, 0, 2]
0.19252139943 102
#[0, 0, 0, 0, 1, 0, 2, 2, 0, 3]
0.193099110556 119
#[0, 0, 0, 0, 1, 0, 2, 2, 1, 0]
0.206365056475 77
#[0, 0, 0, 0, 1, 0, 2, 2, 1, 1]
0.201641558016 94
#[0, 0, 0, 0, 1, 0, 2, 2, 1, 2]
0.202320816836 111
#[0, 0, 0, 0, 1, 0, 2, 2, 1, 3]
0.202548254556 128
#[0, 0, 0, 0, 1, 0, 2, 2, 2, 0]
0.21340049299 86
#[0, 0, 0, 0, 1, 0, 2, 2, 2, 1]
0.210464990519 103
#[0, 0, 0, 0, 1, 0, 2, 2, 2, 2]
0.210686479669 120
#[0, 0, 0, 0, 1, 0, 2, 2, 2, 3]
0.210760413019 137
#[0, 0, 0, 0, 1, 0, 2, 2, 3, 0]
0.218282799754 95
#[0, 0, 0, 0, 1, 0, 2, 2, 3, 1]
0.218282799754 112
#[0, 0, 0, 0, 1, 0, 2, 2, 3, 2]
0.218282799754 129
#[0, 0, 0, 0, 1, 0, 2, 2, 3, 3]
0.218282799754 146
#[0, 0, 0, 0, 1, 0, 2, 2, 4, 0]
0.220512395825 104
#[0, 0, 0, 0, 1, 0, 2, 2, 4, 1]
0.220512395825 121
#[0, 0, 0, 0, 1, 0, 2, 2, 4, 2]
0.220512395825 138
#[0, 0, 0, 0, 1, 0, 2, 2, 4, 3]
0.220512395825 155
#[0, 0, 0, 0, 1, 0, 2, 2, 5, 0]
0.221324998316 113
#[0, 0, 0, 0, 1, 0, 2, 2, 5, 1]
0.221324998316 130
#[0, 0, 0, 0, 1, 0, 2, 2, 5, 2]
0.221324998316 147
#[0, 0, 0, 0, 1, 0, 2, 2, 5, 3]
0.221324998316 164
#[0, 0, 0, 0, 1, 0, 2, 3, 0, 0]
0.203824008474 84
#[0, 0, 0, 0, 1, 0, 2, 3, 0, 1]
0.19401398057 101
#[0, 0, 0, 0, 1, 0, 2, 3, 0, 2]
0.195784842888 118
#[0, 0, 0, 0, 1, 0, 2, 3, 0, 3]
0.196382336047 135
#[0, 0, 0, 0, 1, 0, 2, 3, 1, 0]
0.210758303877 93
#[0, 0, 0, 0, 1, 0, 2, 3, 1, 1]
0.20466492463 110
#[0, 0, 0, 0, 1, 0, 2, 3, 1, 2]
0.2053647408 127
#[0, 0, 0, 0, 1, 0, 2, 3, 1, 3]
0.205599077582 144
#[0, 0, 0, 0, 1, 0, 2, 3, 2, 0]
0.216217397707 102
#[0, 0, 0, 0, 1, 0, 2, 3, 2, 1]
0.212701060786 119
#[0, 0, 0, 0, 1, 0, 2, 3, 2, 2]
0.212927283858 136
#[0, 0, 0, 0, 1, 0, 2, 3, 2, 3]
0.213002798523 153
#[0, 0, 0, 0, 1, 0, 2, 3, 3, 0]
0.219773797104 111
#[0, 0, 0, 0, 1, 0, 2, 3, 3, 1]
0.219773797104 128
#[0, 0, 0, 0, 1, 0, 2, 3, 3, 2]
0.219773797104 145
#[0, 0, 0, 0, 1, 0, 2, 3, 3, 3]
0.219773797104 162
#[0, 0, 0, 0, 1, 0, 2, 3, 4, 0]
0.221324998316 120
#[0, 0, 0, 0, 1, 0, 2, 3, 4, 1]
0.221324998316 137
#[0, 0, 0, 0, 1, 0, 2, 3, 4, 2]
0.221324998316 154
#[0, 0, 0, 0, 1, 0, 2, 3, 4, 3]
0.221324998316 171
#[0, 0, 0, 0, 1, 0, 2, 3, 5, 0]
0.222143611945 129
#[0, 0, 0, 0, 1, 0, 2, 3, 5, 1]
0.222143611945 146
#[0, 0, 0, 0, 1, 0, 2, 3, 5, 2]
0.222143611945 163
#[0, 0, 0, 0, 1, 0, 2, 3, 5, 3]
0.222143611945 180
#[0, 0, 0, 0, 1, 0, 3, 0, 0, 1]
0.174594702471 63
#[0, 0, 0, 0, 1, 0, 3, 0, 0, 2]
0.180905417256 80
#[0, 0, 0, 0, 1, 0, 3, 0, 0, 3]
0.183111603135 97
#[0, 0, 0, 0, 1, 0, 3, 0, 1, 1]
0.187878410558 72
#[0, 0, 0, 0, 1, 0, 3, 0, 1, 2]
0.191839116973 89
#[0, 0, 0, 0, 1, 0, 3, 0, 1, 3]
0.193196724631 106
#[0, 0, 0, 0, 1, 0, 3, 0, 2, 0]
0.213879132789 64
#[0, 0, 0, 0, 1, 0, 3, 0, 2, 1]
0.201005748911 81
#[0, 0, 0, 0, 1, 0, 3, 0, 2, 2]
0.20290717119 98
#[0, 0, 0, 0, 1, 0, 3, 0, 2, 3]
0.203548997941 115
#[0, 0, 0, 0, 1, 0, 3, 0, 3, 0]
0.219418555771 73
#[0, 0, 0, 0, 1, 0, 3, 0, 3, 1]
0.210884568977 90
#[0, 0, 0, 0, 1, 0, 3, 0, 3, 2]
0.21162764264 107
#[0, 0, 0, 0, 1, 0, 3, 0, 3, 3]
0.211876498917 124
#[0, 0, 0, 0, 1, 0, 3, 0, 4, 0]
0.221923291198 82
#[0, 0, 0, 0, 1, 0, 3, 0, 4, 1]
0.221923291198 99
#[0, 0, 0, 0, 1, 0, 3, 0, 4, 2]
0.221923291198 116
#[0, 0, 0, 0, 1, 0, 3, 0, 4, 3]
0.221923291198 133
#[0, 0, 0, 0, 1, 0, 3, 0, 5, 0]
0.222107150211 91
#[0, 0, 0, 0, 1, 0, 3, 0, 5, 1]
0.222107150211 108
#[0, 0, 0, 0, 1, 0, 3, 0, 5, 2]
0.222107150211 125
#[0, 0, 0, 0, 1, 0, 3, 0, 5, 3]
0.222107150211 142
#[0, 0, 0, 0, 1, 0, 3, 1, 0, 0]
0.188119013218 62
#[0, 0, 0, 0, 1, 0, 3, 1, 0, 1]
0.186599786459 79
#[0, 0, 0, 0, 1, 0, 3, 1, 0, 2]
0.188237317614 96
#[0, 0, 0, 0, 1, 0, 3, 1, 0, 3]
0.188789566901 113
#[0, 0, 0, 0, 1, 0, 3, 1, 1, 0]
0.19970895245 71
#[0, 0, 0, 0, 1, 0, 3, 1, 1, 1]
0.197313565729 88
#[0, 0, 0, 0, 1, 0, 3, 1, 1, 2]
0.197963931517 105
#[0, 0, 0, 0, 1, 0, 3, 1, 1, 3]
0.198181673904 122
#[0, 0, 0, 0, 1, 0, 3, 1, 2, 0]
0.209553551686 80
#[0, 0, 0, 0, 1, 0, 3, 1, 2, 1]
0.207595542225 97
#[0, 0, 0, 0, 1, 0, 3, 1, 2, 2]
0.207811029954 114
#[0, 0, 0, 0, 1, 0, 3, 1, 2, 3]
0.207882958645 131
#[0, 0, 0, 0, 1, 0, 3, 1, 3, 0]
0.216759730925 89
#[0, 0, 0, 0, 1, 0, 3, 1, 3, 1]
0.216759730925 106
#[0, 0, 0, 0, 1, 0, 3, 1, 3, 2]
0.216759730925 123
#[0, 0, 0, 0, 1, 0, 3, 1, 3, 3]
0.216759730925 140
#[0, 0, 0, 0, 1, 0, 3, 1, 4, 0]
0.219349115427 98
#[0, 0, 0, 0, 1, 0, 3, 1, 4, 1]
0.219349115427 115
#[0, 0, 0, 0, 1, 0, 3, 1, 4, 2]
0.219349115427 132
#[0, 0, 0, 0, 1, 0, 3, 1, 4, 3]
0.219349115427 149
#[0, 0, 0, 0, 1, 0, 3, 1, 5, 0]
0.220153151374 107
#[0, 0, 0, 0, 1, 0, 3, 1, 5, 1]
0.220153151374 124
#[0, 0, 0, 0, 1, 0, 3, 1, 5, 2]
0.220153151374 141
#[0, 0, 0, 0, 1, 0, 3, 1, 5, 3]
0.220153151374 158
#[0, 0, 0, 0, 1, 0, 3, 2, 0, 0]
0.205638469826 78
#[0, 0, 0, 0, 1, 0, 3, 2, 0, 1]
0.196104475621 95
#[0, 0, 0, 0, 1, 0, 3, 2, 0, 2]
0.197913883469 112
#[0, 0, 0, 0, 1, 0, 3, 2, 0, 3]
0.198524462292 129
#[0, 0, 0, 0, 1, 0, 3, 2, 1, 0]
0.21257344326 87
#[0, 0, 0, 0, 1, 0, 3, 2, 1, 1]
0.206258074783 104
#[0, 0, 0, 0, 1, 0, 3, 2, 1, 2]
0.206968847277 121
#[0, 0, 0, 0, 1, 0, 3, 2, 1, 3]
0.207206861292 138
#[0, 0, 0, 0, 1, 0, 3, 2, 2, 0]
0.217917162563 96
#[0, 0, 0, 0, 1, 0, 3, 2, 2, 1]
0.214260815477 113
#[0, 0, 0, 0, 1, 0, 3, 2, 2, 2]
0.21449037033 130
#[0, 0, 0, 0, 1, 0, 3, 2, 2, 3]
0.214566997961 147
#[0, 0, 0, 0, 1, 0, 3, 2, 3, 0]
0.221230963001 105
#[0, 0, 0, 0, 1, 0, 3, 2, 3, 1]
0.221230963001 122
#[0, 0, 0, 0, 1, 0, 3, 2, 3, 2]
0.221230963001 139
#[0, 0, 0, 0, 1, 0, 3, 2, 3, 3]
0.221230963001 156
#[0, 0, 0, 0, 1, 0, 3, 2, 4, 0]
0.221779037287 114
#[0, 0, 0, 0, 1, 0, 3, 2, 4, 1]
0.221779037287 131
#[0, 0, 0, 0, 1, 0, 3, 2, 4, 2]
0.221779037287 148
#[0, 0, 0, 0, 1, 0, 3, 2, 4, 3]
0.221779037287 165
#[0, 0, 0, 0, 1, 0, 3, 2, 5, 0]
0.222601019301 123
#[0, 0, 0, 0, 1, 0, 3, 2, 5, 1]
0.222601019301 140
#[0, 0, 0, 0, 1, 0, 3, 2, 5, 2]
0.222601019301 157
#[0, 0, 0, 0, 1, 0, 3, 2, 5, 3]
0.222601019301 174
#[0, 0, 0, 0, 1, 0, 3, 3, 0, 0]
0.212226667785 94
#[0, 0, 0, 0, 1, 0, 3, 3, 0, 1]
0.199491591988 111
#[0, 0, 0, 0, 1, 0, 3, 3, 0, 2]
0.201364342254 128
#[0, 0, 0, 0, 1, 0, 3, 3, 0, 3]
0.201996430496 145
#[0, 0, 0, 0, 1, 0, 3, 3, 1, 0]
0.217237991529 103
#[0, 0, 0, 0, 1, 0, 3, 3, 1, 1]
0.209422550392 120
#[0, 0, 0, 0, 1, 0, 3, 3, 1, 2]
0.21015533872 137
#[0, 0, 0, 0, 1, 0, 3, 3, 1, 3]
0.210400742424 154
#[0, 0, 0, 0, 1, 0, 3, 3, 2, 0]
0.220855390897 112
#[0, 0, 0, 0, 1, 0, 3, 3, 2, 1]
0.216578714174 129
#[0, 0, 0, 0, 1, 0, 3, 3, 2, 2]
0.216813265314 146
#[0, 0, 0, 0, 1, 0, 3, 3, 2, 3]
0.216891561963 163
#[0, 0, 0, 0, 1, 0, 3, 3, 3, 0]
0.222762648948 121
#[0, 0, 0, 0, 1, 0, 3, 3, 3, 1]
0.222762648948 138
#[0, 0, 0, 0, 1, 0, 3, 3, 3, 2]
0.222762648948 155
#[0, 0, 0, 0, 1, 0, 3, 3, 3, 3]
0.222762648948 172
#[0, 0, 0, 0, 1, 0, 3, 3, 4, 0]
0.222601019301 130
#[0, 0, 0, 0, 1, 0, 3, 3, 4, 1]
0.222601019301 147
#[0, 0, 0, 0, 1, 0, 3, 3, 4, 2]
0.222601019301 164
#[0, 0, 0, 0, 1, 0, 3, 3, 4, 3]
0.222601019301 181
#[0, 0, 0, 0, 1, 0, 3, 3, 5, 0]
0.223429117023 139
#[0, 0, 0, 0, 1, 0, 3, 3, 5, 1]
0.223429117023 156
#[0, 0, 0, 0, 1, 0, 3, 3, 5, 2]
0.223429117023 173
#[0, 0, 0, 0, 1, 0, 3, 3, 5, 3]
0.223429117023 190
#[0, 0, 0, 0, 1, 0, 4, 0, 0, 0]
0.208330758339 56
#[0, 0, 0, 0, 1, 0, 4, 0, 0, 1]
0.177913370417 73
#[0, 0, 0, 0, 1, 0, 4, 0, 0, 2]
0.18447077653 90
#[0, 0, 0, 0, 1, 0, 4, 0, 0, 3]
0.186765331692 107
#[0, 0, 0, 0, 1, 0, 4, 0, 1, 0]
0.215279990684 65
#[0, 0, 0, 0, 1, 0, 4, 0, 1, 1]
0.19103232207 82
#[0, 0, 0, 0, 1, 0, 4, 0, 1, 2]
0.195128570861 99
#[0, 0, 0, 0, 1, 0, 4, 0, 1, 3]
0.196533305772 116
#[0, 0, 0, 0, 1, 0, 4, 0, 2, 0]
0.220420271728 74
#[0, 0, 0, 0, 1, 0, 4, 0, 2, 1]
0.20390604395 91
#[0, 0, 0, 0, 1, 0, 4, 0, 2, 2]
0.205863000125 108
#[0, 0, 0, 0, 1, 0, 4, 0, 2, 3]
0.206523693008 125
#[0, 0, 0, 0, 1, 0, 4, 0, 3, 0]
0.223293429711 83
#[0, 0, 0, 0, 1, 0, 4, 0, 3, 1]
0.213066603694 100
#[0, 0, 0, 0, 1, 0, 4, 0, 3, 2]
0.213825161819 117
#[0, 0, 0, 0, 1, 0, 4, 0, 3, 3]
0.214079216226 134
#[0, 0, 0, 0, 1, 0, 4, 0, 4, 0]
0.223714323629 92
#[0, 0, 0, 0, 1, 0, 4, 0, 4, 1]
0.223714323629 109
#[0, 0, 0, 0, 1, 0, 4, 0, 4, 2]
0.223714323629 126
#[0, 0, 0, 0, 1, 0, 4, 0, 4, 3]
0.223714323629 143
#[0, 0, 0, 0, 1, 0, 4, 0, 5, 0]
0.222931570722 101
#[0, 0, 0, 0, 1, 0, 4, 0, 5, 1]
0.222931570722 118
#[0, 0, 0, 0, 1, 0, 4, 0, 5, 2]
0.222931570722 135
#[0, 0, 0, 0, 1, 0, 4, 0, 5, 3]
0.222931570722 152
#[0, 0, 0, 0, 1, 0, 4, 1, 0, 0]
0.191620119254 72
#[0, 0, 0, 0, 1, 0, 4, 1, 0, 1]
0.189096671975 89
#[0, 0, 0, 0, 1, 0, 4, 1, 0, 2]
0.190778517323 106
#[0, 0, 0, 0, 1, 0, 4, 1, 0, 3]
0.191345800432 123
#[0, 0, 0, 0, 1, 0, 4, 1, 1, 0]
0.202571678985 81
#[0, 0, 0, 0, 1, 0, 4, 1, 1, 1]
0.199498253921 98
#[0, 0, 0, 0, 1, 0, 4, 1, 1, 2]
0.200163125617 115
#[0, 0, 0, 0, 1, 0, 4, 1, 1, 3]
0.200385735424 132
#[0, 0, 0, 0, 1, 0, 4, 1, 2, 0]
0.211707988403 90
#[0, 0, 0, 0, 1, 0, 4, 1, 2, 1]
0.209425330314 107
#[0, 0, 0, 0, 1, 0, 4, 1, 2, 2]
0.209644635494 124
#[0, 0, 0, 0, 1, 0, 4, 1, 2, 3]
0.209717839324 141
#[0, 0, 0, 0, 1, 0, 4, 1, 3, 0]
0.218203495608 99
#[0, 0, 0, 0, 1, 0, 4, 1, 3, 1]
0.218203495608 116
#[0, 0, 0, 0, 1, 0, 4, 1, 3, 2]
0.218203495608 133
#[0, 0, 0, 0, 1, 0, 4, 1, 3, 3]
0.218203495608 150
#[0, 0, 0, 0, 1, 0, 4, 1, 4, 0]
0.219973967735 108
#[0, 0, 0, 0, 1, 0, 4, 1, 4, 1]
0.219973967735 125
#[0, 0, 0, 0, 1, 0, 4, 1, 4, 2]
0.219973967735 142
#[0, 0, 0, 0, 1, 0, 4, 1, 4, 3]
0.219973967735 159
#[0, 0, 0, 0, 1, 0, 4, 1, 5, 0]
0.22078259951 117
#[0, 0, 0, 0, 1, 0, 4, 1, 5, 1]
0.22078259951 134
#[0, 0, 0, 0, 1, 0, 4, 1, 5, 2]
0.22078259951 151
#[0, 0, 0, 0, 1, 0, 4, 1, 5, 3]
0.22078259951 168
#[0, 0, 0, 0, 1, 0, 4, 2, 0, 0]
0.209829318701 88
#[0, 0, 0, 0, 1, 0, 4, 2, 0, 1]
0.198864084045 105
#[0, 0, 0, 0, 1, 0, 4, 2, 0, 2]
0.200725016283 122
#[0, 0, 0, 0, 1, 0, 4, 2, 0, 3]
0.201353090913 139
#[0, 0, 0, 0, 1, 0, 4, 2, 1, 0]
0.215819858079 97
#[0, 0, 0, 0, 1, 0, 4, 2, 1, 1]
0.208646521325 114
#[0, 0, 0, 0, 1, 0, 4, 2, 1, 2]
0.209373879494 131
#[0, 0, 0, 0, 1, 0, 4, 2, 1, 3]
0.209617460474 148
#[0, 0, 0, 0, 1, 0, 4, 2, 2, 0]
0.220247961457 106
#[0, 0, 0, 0, 1, 0, 4, 2, 2, 1]
0.216210539658 123
#[0, 0, 0, 0, 1, 0, 4, 2, 2, 2]
0.216444293591 140
#[0, 0, 0, 0, 1, 0, 4, 2, 2, 3]
0.21652232393 157
#[0, 0, 0, 0, 1, 0, 4, 2, 3, 0]
0.222735111451 115
#[0, 0, 0, 0, 1, 0, 4, 2, 3, 1]
0.222735111451 132
#[0, 0, 0, 0, 1, 0, 4, 2, 3, 2]
0.222735111451 149
#[0, 0, 0, 0, 1, 0, 4, 2, 3, 3]
0.222735111451 166
#[0, 0, 0, 0, 1, 0, 4, 2, 4, 0]
0.222417830506 124
#[0, 0, 0, 0, 1, 0, 4, 2, 4, 1]
0.222417830506 141
#[0, 0, 0, 0, 1, 0, 4, 2, 4, 2]
0.222417830506 158
#[0, 0, 0, 0, 1, 0, 4, 2, 4, 3]
0.222417830506 175
#[0, 0, 0, 0, 1, 0, 4, 2, 5, 0]
0.223244563297 133
#[0, 0, 0, 0, 1, 0, 4, 2, 5, 1]
0.223244563297 150
#[0, 0, 0, 0, 1, 0, 4, 2, 5, 2]
0.223244563297 167
#[0, 0, 0, 0, 1, 0, 4, 2, 5, 3]
0.223244563297 184
#[0, 0, 0, 0, 1, 0, 4, 3, 0, 0]
0.21669326546 104
#[0, 0, 0, 0, 1, 0, 4, 3, 0, 1]
0.202348045845 121
#[0, 0, 0, 0, 1, 0, 4, 3, 0, 2]
0.204275069676 138
#[0, 0, 0, 0, 1, 0, 4, 3, 0, 3]
0.204925593216 155
#[0, 0, 0, 0, 1, 0, 4, 3, 1, 0]
0.220629579755 113
#[0, 0, 0, 0, 1, 0, 4, 3, 1, 1]
0.211885285259 130
#[0, 0, 0, 0, 1, 0, 4, 3, 1, 2]
0.212635440453 147
#[0, 0, 0, 0, 1, 0, 4, 3, 1, 3]
0.212886673951 164
#[0, 0, 0, 0, 1, 0, 4, 3, 2, 0]
0.223249812253 122
#[0, 0, 0, 0, 1, 0, 4, 3, 2, 1]
0.218571047355 139
#[0, 0, 0, 0, 1, 0, 4, 3, 2, 2]
0.218809936051 156
#[0, 0, 0, 0, 1, 0, 4, 3, 2, 3]
0.218889681701 173
#[0, 0, 0, 0, 1, 0, 4, 3, 3, 0]
0.224287769143 131
#[0, 0, 0, 0, 1, 0, 4, 3, 3, 1]
0.224287769143 148
#[0, 0, 0, 0, 1, 0, 4, 3, 3, 2]
0.224287769143 165
#[0, 0, 0, 0, 1, 0, 4, 3, 3, 3]
0.224287769143 182
#[0, 0, 0, 0, 1, 0, 4, 3, 4, 0]
0.223244563297 140
#[0, 0, 0, 0, 1, 0, 4, 3, 4, 1]
0.223244563297 157
#[0, 0, 0, 0, 1, 0, 4, 3, 4, 2]
0.223244563297 174
#[0, 0, 0, 0, 1, 0, 4, 3, 4, 3]
0.223244563297 191
#[0, 0, 0, 0, 1, 0, 4, 3, 5, 0]
0.224077464992 149
#[0, 0, 0, 0, 1, 0, 4, 3, 5, 1]
0.224077464992 166
#[0, 0, 0, 0, 1, 0, 4, 3, 5, 2]
0.224077464992 183
#[0, 0, 0, 0, 1, 0, 4, 3, 5, 3]
0.224077464992 200
#[0, 0, 0, 0, 1, 0, 5, 0, 0, 0]
0.216673261229 66
#[0, 0, 0, 0, 1, 0, 5, 0, 0, 1]
0.179965827269 83
#[0, 0, 0, 0, 1, 0, 5, 0, 0, 2]
0.186678256202 100
#[0, 0, 0, 0, 1, 0, 5, 0, 0, 3]
0.189028405594 117
#[0, 0, 0, 0, 1, 0, 5, 0, 1, 0]
0.221431175942 75
#[0, 0, 0, 0, 1, 0, 5, 0, 1, 1]
0.192976012995 92
#[0, 0, 0, 0, 1, 0, 5, 0, 1, 2]
0.197156953974 109
#[0, 0, 0, 0, 1, 0, 5, 0, 1, 3]
0.198591152757 126
#[0, 0, 0, 0, 1, 0, 5, 0, 2, 0]
0.22454059295 84
#[0, 0, 0, 0, 1, 0, 5, 0, 2, 1]
0.205686746001 101
#[0, 0, 0, 0, 1, 0, 5, 0, 2, 2]
0.207678198348 118
#[0, 0, 0, 0, 1, 0, 5, 0, 2, 3]
0.208350612954 135
#[0, 0, 0, 0, 1, 0, 5, 0, 3, 0]
0.225684749676 93
#[0, 0, 0, 0, 1, 0, 5, 0, 3, 1]
0.214397634458 110
#[0, 0, 0, 0, 1, 0, 5, 0, 3, 2]
0.21516571672 127
#[0, 0, 0, 0, 1, 0, 5, 0, 3, 3]
0.215422968565 144
#[0, 0, 0, 0, 1, 0, 5, 0, 4, 0]
0.224802886958 102
#[0, 0, 0, 0, 1, 0, 5, 0, 4, 1]
0.224802886958 119
#[0, 0, 0, 0, 1, 0, 5, 0, 4, 2]
0.224802886958 136
#[0, 0, 0, 0, 1, 0, 5, 0, 4, 3]
0.224802886958 153
#[0, 0, 0, 0, 1, 0, 5, 0, 5, 0]
0.223429167277 111
#[0, 0, 0, 0, 1, 0, 5, 0, 5, 1]
0.223429167277 128
#[0, 0, 0, 0, 1, 0, 5, 0, 5, 2]
0.223429167277 145
#[0, 0, 0, 0, 1, 0, 5, 0, 5, 3]
0.223429167277 162
#[0, 0, 0, 0, 1, 0, 5, 1, 0, 0]
0.193784042408 82
#[0, 0, 0, 0, 1, 0, 5, 1, 0, 1]
0.190627137192 99
#[0, 0, 0, 0, 1, 0, 5, 1, 0, 2]
0.192336439986 116
#[0, 0, 0, 0, 1, 0, 5, 1, 0, 3]
0.192913039945 133
#[0, 0, 0, 0, 1, 0, 5, 1, 1, 0]
0.204329050967 91
#[0, 0, 0, 0, 1, 0, 5, 1, 1, 1]
0.200832443793 108
#[0, 0, 0, 0, 1, 0, 5, 1, 1, 2]
0.201506253205 125
#[0, 0, 0, 0, 1, 0, 5, 1, 1, 3]
0.201731862216 142
#[0, 0, 0, 0, 1, 0, 5, 1, 2, 0]
0.213022046356 100
#[0, 0, 0, 0, 1, 0, 5, 1, 2, 1]
0.210538768474 117
#[0, 0, 0, 0, 1, 0, 5, 1, 2, 2]
0.210760413019 134
#[0, 0, 0, 0, 1, 0, 5, 1, 2, 3]
0.210834398275 151
#[0, 0, 0, 0, 1, 0, 5, 1, 3, 0]
0.219079023239 109
#[0, 0, 0, 0, 1, 0, 5, 1, 3, 1]
0.219079023239 126
#[0, 0, 0, 0, 1, 0, 5, 1, 3, 2]
0.219079023239 143
#[0, 0, 0, 0, 1, 0, 5, 1, 3, 3]
0.219079023239 160
#[0, 0, 0, 0, 1, 0, 5, 1, 4, 0]
0.220350590841 118
#[0, 0, 0, 0, 1, 0, 5, 1, 4, 1]
0.220350590841 135
#[0, 0, 0, 0, 1, 0, 5, 1, 4, 2]
0.220350590841 152
#[0, 0, 0, 0, 1, 0, 5, 1, 4, 3]
0.220350590841 169
#[0, 0, 0, 0, 1, 0, 5, 1, 5, 0]
0.221161999052 127
#[0, 0, 0, 0, 1, 0, 5, 1, 5, 1]
0.221161999052 144
#[0, 0, 0, 0, 1, 0, 5, 1, 5, 2]
0.221161999052 161
#[0, 0, 0, 0, 1, 0, 5, 1, 5, 3]
0.221161999052 178
#[0, 0, 0, 0, 1, 0, 5, 2, 0, 0]
0.212426834904 98
#[0, 0, 0, 0, 1, 0, 5, 2, 0, 1]
0.200557446782 115
#[0, 0, 0, 0, 1, 0, 5, 2, 0, 2]
0.202450357119 132
#[0, 0, 0, 0, 1, 0, 5, 2, 0, 3]
0.203089292625 149
#[0, 0, 0, 0, 1, 0, 5, 2, 1, 0]
0.217815743111 107
#[0, 0, 0, 0, 1, 0, 5, 2, 1, 1]
0.210106326659 124
#[0, 0, 0, 0, 1, 0, 5, 2, 1, 2]
0.210843916415 141
#[0, 0, 0, 0, 1, 0, 5, 2, 1, 3]
0.211090931838 158
#[0, 0, 0, 0, 1, 0, 5, 2, 2, 0]
0.221670527945 116
#[0, 0, 0, 0, 1, 0, 5, 2, 2, 1]
0.217397500031 133
#[0, 0, 0, 0, 1, 0, 5, 2, 2, 2]
0.217633828954 150
#[0, 0, 0, 0, 1, 0, 5, 2, 2, 3]
0.217712719485 167
#[0, 0, 0, 0, 1, 0, 5, 2, 3, 0]
0.223647458366 125
#[0, 0, 0, 0, 1, 0, 5, 2, 3, 1]
0.223647458366 142
#[0, 0, 0, 0, 1, 0, 5, 2, 3, 2]
0.223647458366 159
#[0, 0, 0, 0, 1, 0, 5, 2, 3, 3]
0.223647458366 176
#[0, 0, 0, 0, 1, 0, 5, 2, 4, 0]
0.222802875822 134
#[0, 0, 0, 0, 1, 0, 5, 2, 4, 1]
0.222802875822 151
#[0, 0, 0, 0, 1, 0, 5, 2, 4, 2]
0.222802875822 168
#[0, 0, 0, 0, 1, 0, 5, 2, 4, 3]
0.222802875822 185
#[0, 0, 0, 0, 1, 0, 5, 2, 5, 0]
0.223632478876 143
#[0, 0, 0, 0, 1, 0, 5, 2, 5, 1]
0.223632478876 160
#[0, 0, 0, 0, 1, 0, 5, 2, 5, 2]
0.223632478876 177
#[0, 0, 0, 0, 1, 0, 5, 2, 5, 3]
0.223632478876 194
#[0, 0, 0, 0, 1, 0, 5, 3, 0, 0]
0.219464623615 114
#[0, 0, 0, 0, 1, 0, 5, 3, 0, 1]
0.204101523002 131
#[0, 0, 0, 0, 1, 0, 5, 3, 0, 2]
0.206062251174 148
#[0, 0, 0, 0, 1, 0, 5, 3, 0, 3]
0.206724225678 165
#[0, 0, 0, 0, 1, 0, 5, 3, 1, 0]
0.222715845887 123
#[0, 0, 0, 0, 1, 0, 5, 3, 1, 1]
0.213390926193 140
#[0, 0, 0, 0, 1, 0, 5, 3, 1, 2]
0.214151799501 157
#[0, 0, 0, 0, 1, 0, 5, 3, 1, 3]
0.214406631146 174
#[0, 0, 0, 0, 1, 0, 5, 3, 2, 0]
0.224711549175 132
#[0, 0, 0, 0, 1, 0, 5, 3, 2, 1]
0.219784139516 149
#[0, 0, 0, 0, 1, 0, 5, 3, 2, 2]
0.22002568875 166
#[0, 0, 0, 0, 1, 0, 5, 3, 2, 3]
0.220106323191 183
#[0, 0, 0, 0, 1, 0, 5, 3, 3, 0]
0.225212906513 141
#[0, 0, 0, 0, 1, 0, 5, 3, 3, 1]
0.225212906513 158
#[0, 0, 0, 0, 1, 0, 5, 3, 3, 2]
0.225212906513 175
#[0, 0, 0, 0, 1, 0, 5, 3, 3, 3]
0.225212906513 192
#[0, 0, 0, 0, 1, 0, 5, 3, 4, 0]
0.223632478876 150
#[0, 0, 0, 0, 1, 0, 5, 3, 4, 1]
0.223632478876 167
#[0, 0, 0, 0, 1, 0, 5, 3, 4, 2]
0.223632478876 184
#[0, 0, 0, 0, 1, 0, 5, 3, 4, 3]
0.223632478876 201
#[0, 0, 0, 0, 1, 0, 5, 3, 5, 0]
0.224468283048 159
#[0, 0, 0, 0, 1, 0, 5, 3, 5, 1]
0.224468283048 176
#[0, 0, 0, 0, 1, 0, 5, 3, 5, 2]
0.224468283048 193
#[0, 0, 0, 0, 1, 0, 5, 3, 5, 3]
0.224468283048 210
#[0, 0, 0, 0, 1, 1, 0, 0, 0, 0]
0.0954418232707 36
#[0, 0, 0, 0, 1, 1, 0, 0, 0, 1]
0.117366966398 53
#[0, 0, 0, 0, 1, 1, 0, 0, 0, 2]
0.13015792875 70
#[0, 0, 0, 0, 1, 1, 0, 0, 0, 3]
0.13409060719 87
#[0, 0, 0, 0, 1, 1, 0, 0, 1, 0]
0.107509986846 45
#[0, 0, 0, 0, 1, 1, 0, 0, 1, 1]
0.131396379422 62
#[0, 0, 0, 0, 1, 1, 0, 0, 1, 2]
0.142988198497 79
#[0, 0, 0, 0, 1, 1, 0, 0, 1, 3]
0.146773716037 96
#[0, 0, 0, 0, 1, 1, 0, 0, 2, 0]
0.121922581353 54
#[0, 0, 0, 0, 1, 1, 0, 0, 2, 1]
0.147548670848 71
#[0, 0, 0, 0, 1, 1, 0, 0, 2, 2]
0.158838971598 88
#[0, 0, 0, 0, 1, 1, 0, 0, 2, 3]
0.162800056183 105
#[0, 0, 0, 0, 1, 1, 0, 0, 3, 0]
0.139230956593 63
#[0, 0, 0, 0, 1, 1, 0, 0, 3, 1]
0.165559634659 80
#[0, 0, 0, 0, 1, 1, 0, 0, 3, 2]
0.173749738369 97
#[0, 0, 0, 0, 1, 1, 0, 0, 3, 3]
0.176662862224 114
#[0, 0, 0, 0, 1, 1, 0, 0, 4, 0]
0.160189265504 72
#[0, 0, 0, 0, 1, 1, 0, 0, 4, 1]
0.183783166373 89
#[0, 0, 0, 0, 1, 1, 0, 0, 4, 2]
0.188276950013 106
#[0, 0, 0, 0, 1, 1, 0, 0, 4, 3]
0.189824114748 123
#[0, 0, 0, 0, 1, 1, 0, 0, 5, 0]
0.185775524555 81
#[0, 0, 0, 0, 1, 1, 0, 0, 5, 1]
0.201525549003 98
#[0, 0, 0, 0, 1, 1, 0, 0, 5, 2]
0.20295564508 115
#[0, 0, 0, 0, 1, 1, 0, 0, 5, 3]
0.203436864895 132
#[0, 0, 0, 0, 1, 1, 0, 1, 0, 0]
0.124450019338 52
#[0, 0, 0, 0, 1, 1, 0, 1, 0, 1]
0.143316856752 69
#[0, 0, 0, 0, 1, 1, 0, 1, 0, 2]
0.149413604112 86
#[0, 0, 0, 0, 1, 1, 0, 1, 0, 3]
0.151562781369 103
#[0, 0, 0, 0, 1, 1, 0, 1, 1, 0]
0.14033848564 61
#[0, 0, 0, 0, 1, 1, 0, 1, 1, 1]
0.157302343183 78
#[0, 0, 0, 0, 1, 1, 0, 1, 1, 2]
0.161750549557 95
#[0, 0, 0, 0, 1, 1, 0, 1, 1, 3]
0.163289722185 112
#[0, 0, 0, 0, 1, 1, 0, 1, 2, 0]
0.158919499922 70
#[0, 0, 0, 0, 1, 1, 0, 1, 2, 1]
0.172016003904 87
#[0, 0, 0, 0, 1, 1, 0, 1, 2, 2]
0.174769032343 104
#[0, 0, 0, 0, 1, 1, 0, 1, 2, 3]
0.175706396104 121
#[0, 0, 0, 0, 1, 1, 0, 1, 3, 0]
0.180383575362 79
#[0, 0, 0, 0, 1, 1, 0, 1, 3, 1]
0.186931232236 96
#[0, 0, 0, 0, 1, 1, 0, 1, 3, 2]
0.188161063686 113
#[0, 0, 0, 0, 1, 1, 0, 1, 3, 3]
0.188574611466 130
#[0, 0, 0, 0, 1, 1, 0, 1, 4, 0]
0.200384891424 88
#[0, 0, 0, 0, 1, 1, 0, 1, 4, 1]
0.201384348683 105
#[0, 0, 0, 0, 1, 1, 0, 1, 4, 2]
0.201587128367 122
#[0, 0, 0, 0, 1, 1, 0, 1, 4, 3]
0.201654812373 139
#[0, 0, 0, 0, 1, 1, 0, 1, 5, 0]
0.213820929508 97
#[0, 0, 0, 0, 1, 1, 0, 1, 5, 1]
0.213820929508 114
#[0, 0, 0, 0, 1, 1, 0, 1, 5, 2]
0.213820929508 131
#[0, 0, 0, 0, 1, 1, 0, 1, 5, 3]
0.213820929508 148
#[0, 0, 0, 0, 1, 1, 0, 2, 0, 0]
0.143386706415 68
#[0, 0, 0, 0, 1, 1, 0, 2, 0, 1]
0.156052113588 85
#[0, 0, 0, 0, 1, 1, 0, 2, 0, 2]
0.163307954933 102
#[0, 0, 0, 0, 1, 1, 0, 2, 0, 3]
0.165878871244 119
#[0, 0, 0, 0, 1, 1, 0, 2, 1, 0]
0.159721057048 77
#[0, 0, 0, 0, 1, 1, 0, 2, 1, 1]
0.169367974835 94
#[0, 0, 0, 0, 1, 1, 0, 2, 1, 2]
0.174535946837 111
#[0, 0, 0, 0, 1, 1, 0, 2, 1, 3]
0.176329409567 128
#[0, 0, 0, 0, 1, 1, 0, 2, 2, 0]
0.181125566819 86
#[0, 0, 0, 0, 1, 1, 0, 2, 2, 1]
0.183024070039 103
#[0, 0, 0, 0, 1, 1, 0, 2, 2, 2]
0.186143925242 120
#[0, 0, 0, 0, 1, 1, 0, 2, 2, 3]
0.187207648273 137
#[0, 0, 0, 0, 1, 1, 0, 2, 3, 0]
0.201032849898 95
#[0, 0, 0, 0, 1, 1, 0, 2, 3, 1]
0.196470579652 112
#[0, 0, 0, 0, 1, 1, 0, 2, 3, 2]
0.197829589939 129
#[0, 0, 0, 0, 1, 1, 0, 2, 3, 3]
0.198286780994 146
#[0, 0, 0, 0, 1, 1, 0, 2, 4, 0]
0.21138717619 104
#[0, 0, 0, 0, 1, 1, 0, 2, 4, 1]
0.209096579161 121
#[0, 0, 0, 0, 1, 1, 0, 2, 4, 2]
0.209315196001 138
#[0, 0, 0, 0, 1, 1, 0, 2, 4, 3]
0.209388169904 155
#[0, 0, 0, 0, 1, 1, 0, 2, 5, 0]
0.217066620881 113
#[0, 0, 0, 0, 1, 1, 0, 2, 5, 1]
0.217066620881 130
#[0, 0, 0, 0, 1, 1, 0, 2, 5, 2]
0.217066620881 147
#[0, 0, 0, 0, 1, 1, 0, 2, 5, 3]
0.217066620881 164
#[0, 0, 0, 0, 1, 1, 0, 3, 0, 0]
0.150576401478 84
#[0, 0, 0, 0, 1, 1, 0, 3, 0, 1]
0.160815514361 101
#[0, 0, 0, 0, 1, 1, 0, 3, 0, 2]
0.168532028844 118
#[0, 0, 0, 0, 1, 1, 0, 3, 0, 3]
0.171271438115 135
#[0, 0, 0, 0, 1, 1, 0, 3, 1, 0]
0.16722170455 93
#[0, 0, 0, 0, 1, 1, 0, 3, 1, 1]
0.173811967062 110
#[0, 0, 0, 0, 1, 1, 0, 3, 1, 2]
0.17925905968 127
#[0, 0, 0, 0, 1, 1, 0, 3, 1, 3]
0.181151427663 144
#[0, 0, 0, 0, 1, 1, 0, 3, 2, 0]
0.189947179795 102
#[0, 0, 0, 0, 1, 1, 0, 3, 2, 1]
0.187013340759 119
#[0, 0, 0, 0, 1, 1, 0, 3, 2, 2]
0.190271892245 136
#[0, 0, 0, 0, 1, 1, 0, 3, 2, 3]
0.191383457956 153
#[0, 0, 0, 0, 1, 1, 0, 3, 3, 0]
0.209008202312 111
#[0, 0, 0, 0, 1, 1, 0, 3, 3, 1]
0.199870464149 128
#[0, 0, 0, 0, 1, 1, 0, 3, 3, 2]
0.20127708458 145
#[0, 0, 0, 0, 1, 1, 0, 3, 3, 3]
0.201750368099 162
#[0, 0, 0, 0, 1, 1, 0, 3, 4, 0]
0.215328093739 120
#[0, 0, 0, 0, 1, 1, 0, 3, 4, 1]
0.211800285829 137
#[0, 0, 0, 0, 1, 1, 0, 3, 4, 2]
0.212024595869 154
#[0, 0, 0, 0, 1, 1, 0, 3, 4, 3]
0.212099471502 171
#[0, 0, 0, 0, 1, 1, 0, 3, 5, 0]
0.218170526217 129
#[0, 0, 0, 0, 1, 1, 0, 3, 5, 1]
0.218170526217 146
#[0, 0, 0, 0, 1, 1, 0, 3, 5, 2]
0.218170526217 163
#[0, 0, 0, 0, 1, 1, 0, 3, 5, 3]
0.218170526217 180
#[0, 0, 0, 0, 1, 1, 1, 0, 0, 0]
0.115467331887 46
#[0, 0, 0, 0, 1, 1, 1, 0, 0, 1]
0.139915779851 63
#[0, 0, 0, 0, 1, 1, 1, 0, 0, 2]
0.151253983097 80
#[0, 0, 0, 0, 1, 1, 1, 0, 0, 3]
0.155161542424 97
#[0, 0, 0, 0, 1, 1, 1, 0, 1, 0]
0.131276099274 55
#[0, 0, 0, 0, 1, 1, 1, 0, 1, 1]
0.156970306977 72
#[0, 0, 0, 0, 1, 1, 1, 0, 1, 2]
0.166085884707 89
#[0, 0, 0, 0, 1, 1, 1, 0, 1, 3]
0.169364325718 106
#[0, 0, 0, 0, 1, 1, 1, 0, 2, 0]
0.150348863301 64
#[0, 0, 0, 0, 1, 1, 1, 0, 2, 1]
0.174466886673 81
#[0, 0, 0, 0, 1, 1, 1, 0, 2, 2]
0.179955753824 98
#[0, 0, 0, 0, 1, 1, 1, 0, 2, 3]
0.181862938097 115
#[0, 0, 0, 0, 1, 1, 1, 0, 3, 0]
0.173467084157 73
#[0, 0, 0, 0, 1, 1, 1, 0, 3, 1]
0.191837620628 90
#[0, 0, 0, 0, 1, 1, 1, 0, 3, 2]
0.194069175202 107
#[0, 0, 0, 0, 1, 1, 1, 0, 3, 3]
0.194824608791 124
#[0, 0, 0, 0, 1, 1, 1, 0, 4, 0]
0.201682542908 82
#[0, 0, 0, 0, 1, 1, 1, 0, 4, 1]
0.207743981002 99
#[0, 0, 0, 0, 1, 1, 1, 0, 4, 2]
0.207959777166 116
#[0, 0, 0, 0, 1, 1, 1, 0, 4, 3]
0.208031808881 133
#[0, 0, 0, 0, 1, 1, 1, 0, 5, 0]
0.215724990651 91
#[0, 0, 0, 0, 1, 1, 1, 0, 5, 1]
0.215724990651 108
#[0, 0, 0, 0, 1, 1, 1, 0, 5, 2]
0.215724990651 125
#[0, 0, 0, 0, 1, 1, 1, 0, 5, 3]
0.215724990651 142
#[0, 0, 0, 0, 1, 1, 1, 1, 0, 0]
0.150099981154 62
#[0, 0, 0, 0, 1, 1, 1, 1, 0, 1]
0.164276053199 79
#[0, 0, 0, 0, 1, 1, 1, 1, 0, 2]
0.167857211671 96
#[0, 0, 0, 0, 1, 1, 1, 1, 0, 3]
0.169085882004 113
#[0, 0, 0, 0, 1, 1, 1, 1, 1, 0]
0.169903297369 71
#[0, 0, 0, 0, 1, 1, 1, 1, 1, 1]
0.178566558158 88
#[0, 0, 0, 0, 1, 1, 1, 1, 1, 2]
0.180498485832 105
#[0, 0, 0, 0, 1, 1, 1, 1, 1, 3]
0.181151784991 122
#[0, 0, 0, 0, 1, 1, 1, 1, 2, 0]
0.190387883506 80
#[0, 0, 0, 0, 1, 1, 1, 1, 2, 1]
0.192693781678 97
#[0, 0, 0, 0, 1, 1, 1, 1, 2, 2]
0.193314001559 114
#[0, 0, 0, 0, 1, 1, 1, 1, 2, 3]
0.193521629712 131
#[0, 0, 0, 0, 1, 1, 1, 1, 3, 0]
0.205806651001 89
#[0, 0, 0, 0, 1, 1, 1, 1, 3, 1]
0.205806651001 106
#[0, 0, 0, 0, 1, 1, 1, 1, 3, 2]
0.205806651001 123
#[0, 0, 0, 0, 1, 1, 1, 1, 3, 3]
0.205806651001 140
#[0, 0, 0, 0, 1, 1, 1, 1, 4, 0]
0.214475253005 98
#[0, 0, 0, 0, 1, 1, 1, 1, 4, 1]
0.214475253005 115
#[0, 0, 0, 0, 1, 1, 1, 1, 4, 2]
0.214475253005 132
#[0, 0, 0, 0, 1, 1, 1, 1, 4, 3]
0.214475253005 149
#[0, 0, 0, 0, 1, 1, 1, 1, 5, 0]
0.215243892504 107
#[0, 0, 0, 0, 1, 1, 1, 1, 5, 1]
0.215243892504 124
#[0, 0, 0, 0, 1, 1, 1, 1, 5, 2]
0.215243892504 141
#[0, 0, 0, 0, 1, 1, 1, 1, 5, 3]
0.215243892504 158
#[0, 0, 0, 0, 1, 1, 1, 2, 0, 0]
0.169885321464 78
#[0, 0, 0, 0, 1, 1, 1, 2, 0, 1]
0.174286952752 95
#[0, 0, 0, 0, 1, 1, 1, 2, 0, 2]
0.178323240305 112
#[0, 0, 0, 0, 1, 1, 1, 2, 0, 3]
0.179710537507 129
#[0, 0, 0, 0, 1, 1, 1, 2, 1, 0]
0.19281196017 87
#[0, 0, 0, 0, 1, 1, 1, 2, 1, 1]
0.187251453635 104
#[0, 0, 0, 0, 1, 1, 1, 2, 1, 2]
0.189376995151 121
#[0, 0, 0, 0, 1, 1, 1, 2, 1, 3]
0.190096273093 138
#[0, 0, 0, 0, 1, 1, 1, 2, 2, 0]
0.203965716017 96
#[0, 0, 0, 0, 1, 1, 1, 2, 2, 1]
0.199743095304 113
#[0, 0, 0, 0, 1, 1, 1, 2, 2, 2]
0.200409602703 130
#[0, 0, 0, 0, 1, 1, 1, 2, 2, 3]
0.200632761389 147
#[0, 0, 0, 0, 1, 1, 1, 2, 3, 0]
0.211012785019 105
#[0, 0, 0, 0, 1, 1, 1, 2, 3, 1]
0.211012785019 122
#[0, 0, 0, 0, 1, 1, 1, 2, 3, 2]
0.211012785019 139
#[0, 0, 0, 0, 1, 1, 1, 2, 3, 3]
0.211012785019 156
#[0, 0, 0, 0, 1, 1, 1, 2, 4, 0]
0.216797818791 114
#[0, 0, 0, 0, 1, 1, 1, 2, 4, 1]
0.216797818791 131
#[0, 0, 0, 0, 1, 1, 1, 2, 4, 2]
0.216797818791 148
#[0, 0, 0, 0, 1, 1, 1, 2, 4, 3]
0.216797818791 165
#[0, 0, 0, 0, 1, 1, 1, 2, 5, 0]
0.217583226197 123
#[0, 0, 0, 0, 1, 1, 1, 2, 5, 1]
0.217583226197 140
#[0, 0, 0, 0, 1, 1, 1, 2, 5, 2]
0.217583226197 157
#[0, 0, 0, 0, 1, 1, 1, 2, 5, 3]
0.217583226197 174
#[0, 0, 0, 0, 1, 1, 1, 3, 0, 0]
0.177622623112 94
#[0, 0, 0, 0, 1, 1, 1, 3, 0, 1]
0.177900678528 111
#[0, 0, 0, 0, 1, 1, 1, 3, 0, 2]
0.182108101225 128
#[0, 0, 0, 0, 1, 1, 1, 3, 0, 3]
0.183555152319 145
#[0, 0, 0, 0, 1, 1, 1, 3, 1, 0]
0.201885610592 103
#[0, 0, 0, 0, 1, 1, 1, 3, 1, 1]
0.190337248128 120
#[0, 0, 0, 0, 1, 1, 1, 3, 1, 2]
0.192533833141 137
#[0, 0, 0, 0, 1, 1, 1, 3, 1, 3]
0.193277338171 154
#[0, 0, 0, 0, 1, 1, 1, 3, 2, 0]
0.20893250721 112
#[0, 0, 0, 0, 1, 1, 1, 3, 2, 1]
0.202208896951 129
#[0, 0, 0, 0, 1, 1, 1, 3, 2, 2]
0.20289198995 146
#[0, 0, 0, 0, 1, 1, 1, 3, 2, 3]
0.203120714369 163
#[0, 0, 0, 0, 1, 1, 1, 3, 3, 0]
0.212807192143 121
#[0, 0, 0, 0, 1, 1, 1, 3, 3, 1]
0.212807192143 138
#[0, 0, 0, 0, 1, 1, 1, 3, 3, 2]
0.212807192143 155
#[0, 0, 0, 0, 1, 1, 1, 3, 3, 3]
0.212807192143 172
#[0, 0, 0, 0, 1, 1, 1, 3, 4, 0]
0.217583226197 130
#[0, 0, 0, 0, 1, 1, 1, 3, 4, 1]
0.217583226197 147
#[0, 0, 0, 0, 1, 1, 1, 3, 4, 2]
0.217583226197 164
#[0, 0, 0, 0, 1, 1, 1, 3, 4, 3]
0.217583226197 181
#[0, 0, 0, 0, 1, 1, 1, 3, 5, 0]
0.218374344987 139
#[0, 0, 0, 0, 1, 1, 1, 3, 5, 1]
0.218374344987 156
#[0, 0, 0, 0, 1, 1, 1, 3, 5, 2]
0.218374344987 173
#[0, 0, 0, 0, 1, 1, 1, 3, 5, 3]
0.218374344987 190
#[0, 0, 0, 0, 1, 1, 2, 0, 0, 0]
0.142094306668 56
#[0, 0, 0, 0, 1, 1, 2, 0, 0, 1]
0.16654068946 73
#[0, 0, 0, 0, 1, 1, 2, 0, 0, 2]
0.173067319664 90
#[0, 0, 0, 0, 1, 1, 2, 0, 0, 3]
0.175358045371 107
#[0, 0, 0, 0, 1, 1, 2, 0, 1, 0]
0.163189254665 65
#[0, 0, 0, 0, 1, 1, 2, 0, 1, 1]
0.181873024458 82
#[0, 0, 0, 0, 1, 1, 2, 0, 1, 2]
0.185582076495 99
#[0, 0, 0, 0, 1, 1, 2, 0, 1, 3]
0.186852275517 116
#[0, 0, 0, 0, 1, 1, 2, 0, 2, 0]
0.18886742392 74
#[0, 0, 0, 0, 1, 1, 2, 0, 2, 1]
0.195445829654 91
#[0, 0, 0, 0, 1, 1, 2, 0, 2, 2]
0.197243047889 108
#[0, 0, 0, 0, 1, 1, 2, 0, 2, 3]
0.197849488232 125
#[0, 0, 0, 0, 1, 1, 2, 0, 3, 0]
0.212058725867 83
#[0, 0, 0, 0, 1, 1, 2, 0, 3, 1]
0.206651886954 100
#[0, 0, 0, 0, 1, 1, 2, 0, 3, 2]
0.207365380915 117
#[0, 0, 0, 0, 1, 1, 2, 0, 3, 3]
0.207604308357 134
#[0, 0, 0, 0, 1, 1, 2, 0, 4, 0]
0.218425903365 92
#[0, 0, 0, 0, 1, 1, 2, 0, 4, 1]
0.218425903365 109
#[0, 0, 0, 0, 1, 1, 2, 0, 4, 2]
0.218425903365 126
#[0, 0, 0, 0, 1, 1, 2, 0, 4, 3]
0.218425903365 143
#[0, 0, 0, 0, 1, 1, 2, 0, 5, 0]
0.220476467564 101
#[0, 0, 0, 0, 1, 1, 2, 0, 5, 1]
0.220476467564 118
#[0, 0, 0, 0, 1, 1, 2, 0, 5, 2]
0.220476467564 135
#[0, 0, 0, 0, 1, 1, 2, 0, 5, 3]
0.220476467564 152
#[0, 0, 0, 0, 1, 1, 2, 1, 0, 0]
0.181487084087 72
#[0, 0, 0, 0, 1, 1, 2, 1, 0, 1]
0.181798743225 89
#[0, 0, 0, 0, 1, 1, 2, 1, 0, 2]
0.183352743144 106
#[0, 0, 0, 0, 1, 1, 2, 1, 0, 3]
0.183876663745 123
#[0, 0, 0, 0, 1, 1, 2, 1, 1, 0]
0.194219562253 81
#[0, 0, 0, 0, 1, 1, 2, 1, 1, 1]
0.193084658801 98
#[0, 0, 0, 0, 1, 1, 2, 1, 1, 2]
0.193707401517 115
#[0, 0, 0, 0, 1, 1, 2, 1, 1, 3]
0.193915876045 132
#[0, 0, 0, 0, 1, 1, 2, 1, 2, 0]
0.205373601452 90
#[0, 0, 0, 0, 1, 1, 2, 1, 2, 1]
0.204030241831 107
#[0, 0, 0, 0, 1, 1, 2, 1, 2, 2]
0.204238387723 124
#[0, 0, 0, 0, 1, 1, 2, 1, 2, 3]
0.204307864095 141
#[0, 0, 0, 0, 1, 1, 2, 1, 3, 0]
0.21392876984 99
#[0, 0, 0, 0, 1, 1, 2, 1, 3, 1]
0.21392876984 116
#[0, 0, 0, 0, 1, 1, 2, 1, 3, 2]
0.21392876984 133
#[0, 0, 0, 0, 1, 1, 2, 1, 3, 3]
0.21392876984 150
#[0, 0, 0, 0, 1, 1, 2, 1, 4, 0]
0.218110000285 108
#[0, 0, 0, 0, 1, 1, 2, 1, 4, 1]
0.218110000285 125
#[0, 0, 0, 0, 1, 1, 2, 1, 4, 2]
0.218110000285 142
#[0, 0, 0, 0, 1, 1, 2, 1, 4, 3]
0.218110000285 159
#[0, 0, 0, 0, 1, 1, 2, 1, 5, 0]
0.218904961343 117
#[0, 0, 0, 0, 1, 1, 2, 1, 5, 1]
0.218904961343 134
#[0, 0, 0, 0, 1, 1, 2, 1, 5, 2]
0.218904961343 151
#[0, 0, 0, 0, 1, 1, 2, 1, 5, 3]
0.218904961343 168
#[0, 0, 0, 0, 1, 1, 2, 2, 0, 0]
0.19773969584 88
#[0, 0, 0, 0, 1, 1, 2, 2, 0, 1]
0.190808822205 105
#[0, 0, 0, 0, 1, 1, 2, 2, 0, 2]
0.19252139943 122
#[0, 0, 0, 0, 1, 1, 2, 2, 0, 3]
0.193099110556 139
#[0, 0, 0, 0, 1, 1, 2, 2, 1, 0]
0.206365056475 97
#[0, 0, 0, 0, 1, 1, 2, 2, 1, 1]
0.201641558016 114
#[0, 0, 0, 0, 1, 1, 2, 2, 1, 2]
0.202320816836 131
#[0, 0, 0, 0, 1, 1, 2, 2, 1, 3]
0.202548254556 148
#[0, 0, 0, 0, 1, 1, 2, 2, 2, 0]
0.21340049299 106
#[0, 0, 0, 0, 1, 1, 2, 2, 2, 1]
0.210464990519 123
#[0, 0, 0, 0, 1, 1, 2, 2, 2, 2]
0.210686479669 140
#[0, 0, 0, 0, 1, 1, 2, 2, 2, 3]
0.210760413019 157
#[0, 0, 0, 0, 1, 1, 2, 2, 3, 0]
0.218282799754 115
#[0, 0, 0, 0, 1, 1, 2, 2, 3, 1]
0.218282799754 132
#[0, 0, 0, 0, 1, 1, 2, 2, 3, 2]
0.218282799754 149
#[0, 0, 0, 0, 1, 1, 2, 2, 3, 3]
0.218282799754 166
#[0, 0, 0, 0, 1, 1, 2, 2, 4, 0]
0.220512395825 124
#[0, 0, 0, 0, 1, 1, 2, 2, 4, 1]
0.220512395825 141
#[0, 0, 0, 0, 1, 1, 2, 2, 4, 2]
0.220512395825 158
#[0, 0, 0, 0, 1, 1, 2, 2, 4, 3]
0.220512395825 175
#[0, 0, 0, 0, 1, 1, 2, 2, 5, 0]
0.221324998316 133
#[0, 0, 0, 0, 1, 1, 2, 2, 5, 1]
0.221324998316 150
#[0, 0, 0, 0, 1, 