0.285028790787 35 moduleout 206
0.323882224646 45 moduleout 362
0.347571679345 55 moduleout 518
0.363525091799 65 moduleout 674
0.375 75 moduleout 830
0.377262623055 80 moduleout 848
0.383650119948 85 moduleout 986
0.386018660354 90 moduleout 1004
0.390404206375 95 moduleout 1142
0.392857142857 100 moduleout 1160
0.394343756224 105 moduleout 1178
0.39534109817 110 moduleout 1196
0.396056579511 115 moduleout 1214
0.396594892339 120 moduleout 1232
0.102377983612 13 moduleout 1250
0.127949688335 18 moduleout 1266
0.15388906243 20 moduleout 1298
0.254247880143 30 moduleout 1454
0.303485758667 40 moduleout 1610
0.332733954532 50 moduleout 1766
0.352111555984 60 moduleout 1922
0.365893812214 70 moduleout 2078
0.396773066188 125 moduleout 2636
0.166041996108 23 moduleout 2670
0.217983565107 25 moduleout 2702
0.396927184733 130 moduleout 4040
0.397061811484 135 moduleout 5444
0.397180424286 140 moduleout 6848
0.397285720044 145 moduleout 8252
0.397379822274 150 moduleout 9656
0.397464425793 155 moduleout 11060
0.397540899707 160 moduleout 12464
